gene_id,Plate,Disease,Position,Residuals,gene_name,gene_type
ENSG00000278267.1,0.1045307166800913,0.0020896996098565446,9.002253706219578e-11,0.8933795836200296,MIR6859-1,miRNA
ENSG00000238009.6,0.3177464174952179,0,4.514751528221412e-10,0.6822535820533069,AL627309.1,lincRNA
ENSG00000269981.1,0.3672822190572782,0,3.5592886139997317e-10,0.632717780586793,AL627309.7,processed_pseudogene
ENSG00000239906.1,0.001470259513595948,0,7.213282494075966e-10,0.9985297397650758,AL627309.2,antisense
ENSG00000279928.2,0.09680027376235194,0,0,0.903199726237648,FO538757.2,unprocessed_pseudogene
ENSG00000279457.4,0.5816103120460028,0.0280116511881707,7.357730628490705e-10,0.3903780360300535,FO538757.1,unprocessed_pseudogene
ENSG00000228463.10,0.042651341608803,0.006814660756952843,2.249201287569795e-9,0.9505339953850429,AP006222.1,transcribed_processed_pseudogene
ENSG00000237094.12,0.1337594583235703,0.14538425120188564,3.2899494418284727e-10,0.7208562901455492,AL732372.2,transcribed_unprocessed_pseudogene
ENSG00000229344.1,0.5346847205816293,0,1.3063139155672903e-10,0.4653152792877392,MTCO2P12,unprocessed_pseudogene
ENSG00000198744.5,0.45302967154912843,0,3.028863595477142e-10,0.5469703281479853,MTCO3P12,unprocessed_pseudogene
ENSG00000228327.3,0.17922329387548724,0,3.5829966657254443e-10,0.8207767057662131,AL669831.1,transcribed_unprocessed_pseudogene
ENSG00000237491.8,0,0,6.967795346505355e-10,0.9999999993032205,AL669831.5,lincRNA
ENSG00000230092.7,0.09910332643507226,0.012334733976785198,0,0.8885619395881426,AL669831.4,transcribed_unprocessed_pseudogene
ENSG00000228794.8,0.34619867791595565,0.041665889775772215,7.208652184517029e-10,0.6121354315874069,LINC01128,processed_transcript
ENSG00000225880.5,0.5445925862007778,0.022798617577468507,4.838189779016036e-10,0.4326087957379346,LINC00115,lincRNA
ENSG00000230368.2,0.32923104720963736,0,1.5053840143870933e-9,0.6707689512849785,FAM41C,lincRNA
ENSG00000188976.10,0.683131093670935,0,2.0604055487681439e-10,0.31686890612302443,NOC2L,protein_coding
ENSG00000187961.13,0.038444396406371845,0,2.01392493064774e-9,0.9615556015797032,KLHL17,protein_coding
ENSG00000187583.10,0.2583632589781331,0.026224660311954535,4.6121646202978437e-10,0.715412080248696,PLEKHN1,protein_coding
ENSG00000187642.9,0.4166612970595131,0.0267444235072651,2.97522358488666e-10,0.5565942791356994,PERM1,protein_coding
ENSG00000188157.14,0.27587041393649886,0.1309578673273714,4.572927146709911e-10,0.5931717182788371,AGRN,protein_coding
ENSG00000131591.17,0.22045673471273639,0.0052937367521323124,5.536850372185501e-10,0.7742495279814462,C1orf159,protein_coding
ENSG00000186891.13,0.15093130617968262,0,5.520902219901636e-10,0.8490686932682271,TNFRSF18,protein_coding
ENSG00000186827.10,0.44158515870560594,0.018491642055958574,2.9481866902050916e-10,0.5399231989436168,TNFRSF4,protein_coding
ENSG00000078808.16,0.5948129466607566,0.030098578064033824,2.781197073095024e-10,0.3750884749970898,SDF4,protein_coding
ENSG00000176022.5,0.649110218161099,9.662458483821595e-4,2.8292520385612007e-10,0.34992353570759355,B3GALT6,protein_coding
ENSG00000184163.3,0,0,5.501229546990815e-10,0.9999999994498772,C1QTNF12,protein_coding
ENSG00000260179.1,0.059809722891261394,0,2.061609630162727e-9,0.940190275047129,AL162741.1,lincRNA
ENSG00000160087.20,0.4298752888571214,0.002073415326266992,1.3739187177329341e-9,0.5680512944426929,UBE2J2,protein_coding
ENSG00000230415.1,0,0,6.64742459698808e-10,0.9999999993352575,LINC01786,lincRNA
ENSG00000162572.20,0.06675292281797982,0,0,0.9332470771820202,SCNN1D,protein_coding
ENSG00000131584.18,0.43818400412661135,0.01099780380063003,3.4813781886906135e-10,0.5508181917246207,ACAP3,protein_coding
ENSG00000169972.11,0.3242818879207827,0,5.241999727326473e-10,0.6757181115550174,PUSL1,protein_coding
ENSG00000127054.20,0.26197098632157423,0.026054578943190066,4.345675706681126e-10,0.7119744343006681,INTS11,protein_coding
ENSG00000240731.1,0.1685127425691568,0,4.431316761183763e-10,0.8314872569877114,AL139287.1,sense_intronic
ENSG00000224051.6,0.5634097780546634,0.0065930333669606276,9.012364916098068e-11,0.4299971884882524,CPTP,protein_coding
ENSG00000107404.19,0.6690209128625862,0,0,0.3309790871374137,DVL1,protein_coding
ENSG00000175756.13,0.518560864898154,0.014814983330834947,3.808571696126386e-11,0.46662415173292526,AURKAIP1,protein_coding
ENSG00000221978.11,0.6143443058966052,0,3.885581818404856e-10,0.38565569371483666,CCNL2,protein_coding
ENSG00000224870.6,0.526317815146404,0,1.9526406827535718e-10,0.47368218465833195,AL391244.1,processed_transcript
ENSG00000242485.5,0.4769109479703762,0,4.0306325524389304e-10,0.5230890516265606,MRPL20,protein_coding
ENSG00000272455.1,0.162555532957201,0.007989467981723388,5.098705372287773e-10,0.8294549985512052,AL391244.3,lincRNA
ENSG00000160072.19,0.24779302201204229,0,9.624530887740747e-10,0.7522069770255045,ATAD3B,protein_coding
ENSG00000197785.13,0.37683613153928813,0.010162019799920256,8.752569700284331e-10,0.6130018477855347,ATAD3A,protein_coding
ENSG00000205090.8,0.25515346756635154,0,9.69075535102781e-10,0.7448465314645729,TMEM240,protein_coding
ENSG00000160075.11,0.3913361456515167,0.00771994342185166,4.532769342646293e-10,0.6009439104733547,SSU72,protein_coding
ENSG00000215014.5,0.25330858709017756,0.031248296829127865,3.982580965569395e-10,0.7154431156824366,AL645728.1,processed_transcript
ENSG00000228594.3,0.10491979427660439,0,0,0.8950802057233955,FNDC10,protein_coding
ENSG00000272106.1,0.16421936725642333,0,4.238341208740374e-10,0.8357806323197425,AL691432.2,antisense
ENSG00000197530.12,0.41710799217738737,0.006180872791510836,0,0.5767111350311017,MIB2,protein_coding
ENSG00000248333.8,0.2815855468392141,0.009691552337891216,5.33452697522974e-10,0.7087229002894421,CDK11B,protein_coding
ENSG00000272004.1,0.036744834912034056,0,0,0.9632551650879658,FO704657.1,antisense
ENSG00000189339.11,0.43098142854376126,0.04694728863431753,3.649796919076157e-10,0.5220712824569416,SLC35E2B,protein_coding
ENSG00000008128.22,0.1411354734337636,0.02336050431045292,4.1758289727269005e-10,0.8355040218382006,CDK11A,protein_coding
ENSG00000268575.1,0.3606504923347002,5.167379270835425e-4,9.158544018940709e-10,0.6388327688223618,AL031282.2,processed_transcript
ENSG00000227775.3,0.179250911789659,0.09073508433038165,2.2541656748735933e-10,0.7300140036545428,AL031282.1,transcribed_processed_pseudogene
ENSG00000215790.7,0.37647857779970256,0,6.491601835265175e-10,0.6235214215511372,SLC35E2A,protein_coding
ENSG00000008130.15,0.3759368277359546,0.16862481319002698,0,0.4554383590740185,NADK,protein_coding
ENSG00000078369.17,0.4899308368430771,0.06706290859751313,3.093591079617485e-10,0.44300625425005064,GNB1,protein_coding
ENSG00000067606.16,0.37715564615820996,0.02898664672784603,7.114873311928867e-10,0.5938577064024567,PRKCZ,protein_coding
ENSG00000271806.1,0.0031585809839918804,0,6.689968118593266e-10,0.9968414183470113,AL590822.2,antisense
ENSG00000182873.5,0.001472737299589397,0.030595865997326766,8.350406111104056e-10,0.9679313958680432,PRKCZ-AS1,antisense
ENSG00000162585.16,0.30059891954442214,0,4.552343204397164e-10,0.6994010800003436,FAAP20,protein_coding
ENSG00000157933.9,0.4295626119293914,0.028417608787005014,9.692712628688958e-10,0.5420197783143325,SKI,protein_coding
ENSG00000116151.13,0,0,6.972692462051879e-10,0.9999999993027308,MORN1,protein_coding
ENSG00000269896.2,0.03755875950468962,0,0,0.9624412404953103,AL513477.1,transcribed_processed_pseudogene
ENSG00000157916.19,0.07590946249116949,0.11303905088447411,4.976432907446412e-10,0.8110514861267131,RER1,protein_coding
ENSG00000157911.10,0.3896399776738819,0,1.126076802599983e-9,0.6103600212000412,PEX10,protein_coding
ENSG00000149527.17,0.49468521638189444,0,1.0298218202611716e-9,0.5053147825882838,PLCH2,protein_coding
ENSG00000157881.13,0.5394091213035691,0,0,0.4605908786964309,PANK4,protein_coding
ENSG00000272449.2,0,0,6.232438442349559e-10,0.9999999993767561,AL139246.5,lincRNA
ENSG00000238164.6,0.34583946308690816,0.11148565728310654,1.8562068705402758e-9,0.5426748777737784,TNFRSF14-AS1,antisense
ENSG00000157873.17,0.4889274246746707,0.010357399299971102,7.15676342445247e-10,0.5007151753096818,TNFRSF14,protein_coding
ENSG00000225931.3,0.32308995714954736,0,0,0.6769100428504526,AL139246.2,TEC
ENSG00000228037.1,0.004134402370915202,0.03547496878131899,5.475605203132706e-10,0.9603906283002053,AL139246.3,lincRNA
ENSG00000157870.15,0.1238914009714653,0,6.475661285658381e-10,0.8761085983809687,PRXL2B,protein_coding
ENSG00000142606.15,0.31194215198663366,0.12029564885807514,5.700193540693842e-14,0.5677621991552342,MMEL1,protein_coding
ENSG00000215912.12,0.20363788664705712,0,5.83347634154646e-10,0.7963621127695952,TTC34,protein_coding
ENSG00000162591.15,0.4343214973436464,0.03754569570008746,7.604683367733778e-10,0.5281328061957977,MEGF6,protein_coding
ENSG00000238260.1,0.011990017518480361,0,6.619062961721988e-10,0.9880099818196134,AL513320.1,antisense
ENSG00000158109.14,0.41226122015379035,0.035586625055037804,1.7909024866819e-10,0.5521521546120816,TPRG1L,protein_coding
ENSG00000116213.15,0.2408314805934174,0,5.331026403131576e-10,0.7591685188734799,WRAP73,protein_coding
ENSG00000227372.12,0.3343122484732734,0,5.118194624459789e-10,0.6656877510149071,TP73-AS1,transcribed_unitary_pseudogene
ENSG00000162592.9,0.0788537332270735,0.09428891830164451,6.790366390197197e-10,0.8268573477922454,CCDC27,protein_coding
ENSG00000235169.8,0.42489169620956996,0,3.0465671925463285e-10,0.5751083034857732,SMIM1,protein_coding
ENSG00000130764.9,0.3253603244906426,0,1.1025540947600932e-9,0.6746396744068033,LRRC47,protein_coding
ENSG00000116198.12,0.39467135164131795,0,5.766663884908534e-10,0.6053286477820157,CEP104,protein_coding
ENSG00000169598.15,0.1493243349318006,0,5.531351423718388e-10,0.8506756645150642,DFFB,protein_coding
ENSG00000198912.10,0.2393642007385831,0,1.8541827504801635e-10,0.7606357990759985,C1orf174,protein_coding
ENSG00000236423.5,0.16264782997414082,0,6.18378726764423e-10,0.8373521694074804,LINC01134,lincRNA
ENSG00000196581.10,0.12379708638299927,0.00726585428536634,5.650092324159262e-10,0.8689370587666251,AJAP1,protein_coding
ENSG00000236948.2,0.29947656360582403,0.035922494607655675,1.5162562918113001e-10,0.6646009416348946,AL365255.1,lincRNA
ENSG00000131697.17,0.5149910919351816,0,4.572153378540266e-10,0.48500890760760307,NPHP4,protein_coding
ENSG00000069424.14,0.517982962182562,0.039014653713165245,2.0726285530098325e-10,0.4430023838970099,KCNAB2,protein_coding
ENSG00000116251.10,0.7661543057136858,0.01780238170776287,1.3483134377568735e-10,0.21604331244371994,RPL22,protein_coding
ENSG00000158286.12,0.09367604145287325,0.24118272902113475,7.484816044483028e-10,0.6651412287775104,RNF207,protein_coding
ENSG00000116237.15,0.4878910414142557,0,2.5742554318378183e-10,0.5121089583283187,ICMT,protein_coding
ENSG00000158292.6,0.30233285010111666,0,4.5383472117198135e-10,0.6976671494450486,GPR153,protein_coding
ENSG00000097021.19,0.3867608285041262,0.008390023068268193,7.739565483173579e-10,0.6048491476536492,ACOT7,protein_coding
ENSG00000271746.1,0.16498573798417543,0,6.14440533653816e-10,0.8350142614013841,AL031848.2,antisense
ENSG00000069812.11,0.07103093900820512,0.0720511041426168,3.7453175180112275e-10,0.8569179564746463,HES2,protein_coding
ENSG00000187017.16,0.3362004386979187,0,5.067423692494144e-10,0.663799560795339,ESPN,protein_coding
ENSG00000215788.10,0.03885691382394929,0.056696731447694035,4.4120021899764025e-10,0.9044463542871565,TNFRSF25,protein_coding
ENSG00000171680.21,0.5108713517263701,0.05182304187610789,2.183050471140072e-10,0.4373056061792169,PLEKHG5,protein_coding
ENSG00000162408.10,0.22326837635560554,0,4.880880885476563e-10,0.7767316231563064,NOL9,protein_coding
ENSG00000204859.12,0.5379098310556737,0.08847470991701104,1.0659345788309133e-10,0.37361545892072184,ZBTB48,protein_coding
ENSG00000162413.16,0.4823444173062449,0.14408418179766866,2.0320080302271907e-10,0.37357140069288564,KLHL21,protein_coding
ENSG00000116273.5,2.3065490287892398e-5,0.002048956537457587,6.177412673351089e-10,0.9979279773545132,PHF13,protein_coding
ENSG00000041988.15,0.35566858406720203,0,2.8757485871543386e-10,0.6443314156452231,THAP3,protein_coding
ENSG00000007923.15,0.3145488487858489,0,3.061480730788407e-10,0.685451150908003,DNAJC11,protein_coding
ENSG00000237436.1,0.3149040609003079,0,6.110737064627504e-10,0.6850959384886183,CAMTA1-DT,antisense
ENSG00000171735.18,0.1513734825738219,0.04001891091526616,5.661918027309876e-10,0.8086076059447201,CAMTA1,protein_coding
ENSG00000049245.12,0.6125710734873877,0.06207820438844632,1.0094497252764997e-10,0.3253507220232211,VAMP3,protein_coding
ENSG00000269925.1,0.2724458132983076,0.08743915464135182,3.090038677613332e-10,0.6401150317513368,Z98884.2,sense_intronic
ENSG00000049246.14,0.24155981354265121,0.05829101323378444,5.274409596925378e-10,0.7001491726961234,PER3,protein_coding
ENSG00000236266.1,0.04278639409580355,0.12987422001946047,5.415790180420332e-10,0.827339385343157,Z98884.1,antisense
ENSG00000049247.13,8.728281727883282e-4,0.2416104289948421,4.74890298281225e-10,0.7575167423574793,UTS2,protein_coding
ENSG00000049249.8,0.2801358150409049,0.15685538275556857,2.1966314527678104e-10,0.5630088019838634,TNFRSF9,protein_coding
ENSG00000116288.12,0.5361182115587895,0,4.45660143083705e-10,0.4638817879955505,PARK7,protein_coding
ENSG00000284747.1,0.06566722766699654,0.005684155982074126,1.8149457800346657e-9,0.9286486145359836,AL034417.4,antisense
ENSG00000116285.12,0.06542644893124996,0.02334969630024702,2.081084814001738e-9,0.9112238526874182,ERRFI1,protein_coding
ENSG00000142599.17,0.3109468554053026,0.210140376321492,1.5063986454401255e-10,0.47891276812256556,RERE,protein_coding
ENSG00000232912.5,0.13735535189157375,0.1309922015786942,7.893630010964545e-10,0.731652445740369,AL096855.1,antisense
ENSG00000224315.2,0.08615632685491842,0,0,0.9138436731450816,RPL7P7,processed_pseudogene
ENSG00000222511.2,0.38192435911670963,0,5.515720750564012e-10,0.6180756403317184,RF00019,misc_RNA
ENSG00000228423.2,0.2345028203011675,0,6.831166652054678e-10,0.7654971790157158,AL357552.2,lincRNA
ENSG00000074800.15,0.4707351665143411,0.017040655919781374,6.680424138430129e-10,0.5122241768978352,ENO1,protein_coding
ENSG00000230679.1,0.0013388420155175922,0.036128410649232105,5.777631664409905e-10,0.9625327467574871,ENO1-AS1,antisense
ENSG00000232208.2,2.037982250103126e-4,0.027330403024853803,5.132682493954783e-10,0.9724657982368676,AL139415.1,processed_pseudogene
ENSG00000131686.14,0,0,5.921377132686893e-10,0.9999999994078623,CA6,protein_coding
ENSG00000142583.17,0.07061125216080079,0.1493094668181863,4.925105854881084e-10,0.7800792805285024,SLC2A5,protein_coding
ENSG00000180758.11,0.005439898044662567,0.042018515378804286,6.193715969303768e-10,0.9525415859571615,GPR157,protein_coding
ENSG00000228526.7,0.32338086518788073,0.14923399307748653,8.001027332993107e-10,0.52738514093453,MIR34AHG,lincRNA
ENSG00000049239.12,0.4041164533789381,0.03233481632621518,1.2454824306801534e-10,0.5635487301702984,H6PD,protein_coding
ENSG00000171621.13,0.14824657910182207,0,5.538360368842964e-10,0.8517534203443419,SPSB1,protein_coding
ENSG00000171612.6,0,0,7.581478846559049e-10,0.999999999241852,SLC25A33,protein_coding
ENSG00000231181.1,0.09866677260736341,0,2.6290906466263847e-9,0.9013332247635459,AL954705.1,processed_pseudogene
ENSG00000188807.12,0.37914176067282807,0.001475472046709122,3.1504747395626995e-10,0.6193827669654154,TMEM201,protein_coding
ENSG00000171608.15,0.4607182144950298,0.1319944708526973,1.1670285590910176e-10,0.40728731453557004,PIK3CD,protein_coding
ENSG00000179840.5,0.2445199770228844,0.008807616218505326,8.718787216402262e-11,0.7466724066714224,PIK3CD-AS1,antisense
ENSG00000171603.17,0.4524873784250936,0,4.398649079818988e-10,0.5475126211350413,CLSTN1,protein_coding
ENSG00000178585.14,0.058507230151461406,0,0,0.9414927698485387,CTNNBIP1,protein_coding
ENSG00000162441.11,0.2794371736781291,0,4.325457132844816e-10,0.7205628258893252,LZIC,protein_coding
ENSG00000228150.1,0,0,6.502305147193665e-10,0.9999999993497696,AL357140.2,sense_intronic
ENSG00000173614.13,0.006961283431371264,0.04243861648918636,2.7078931270348767e-9,0.9506000973715493,NMNAT1,protein_coding
ENSG00000162444.11,0.2354568350344538,0.00271705119823684,1.1629671774271242e-9,0.7618261126043422,RBP7,protein_coding
ENSG00000130939.18,0.5212701516112132,0.10719788810260324,1.0471528267533087e-9,0.3715319592390308,UBE4B,protein_coding
ENSG00000233623.2,0.25306912686099564,0.07003847863029092,4.210811849162098e-10,0.6768923940876324,PGAM1P11,processed_pseudogene
ENSG00000054523.17,0.10788370842767289,0.6269813847387075,3.859427784466246e-10,0.2651349064476769,KIF1B,protein_coding
ENSG00000199562.1,0.09784466049834843,0,0,0.9021553395016515,RNU6-37P,snRNA
ENSG00000284735.1,0.0902054797897808,0,1.882952593128754e-9,0.9097945183272665,AL139424.3,lincRNA
ENSG00000142657.20,0.07442758962404498,0.01480968725741124,1.7580316863235663e-9,0.9107627213605122,PGD,protein_coding
ENSG00000160049.11,0.6199662898232369,0,3.3913712831091716e-10,0.3800337098376261,DFFA,protein_coding
ENSG00000142655.12,0.33180271372086734,0,4.010783327241586e-10,0.6681972858780544,PEX14,protein_coding
ENSG00000130940.14,0.42056400786854137,0,3.8216389650839557e-10,0.5794359917492948,CASZ1,protein_coding
ENSG00000175262.14,0.3616149125203602,0,7.363563010706923e-10,0.6383850867432834,C1orf127,protein_coding
ENSG00000120948.17,0.8712462919048461,0,2.241585053897553e-11,0.12875370807273798,TARDBP,protein_coding
ENSG00000271895.2,0.3560560284725657,0,9.956926514252154e-10,0.6439439705317417,AL109811.3,antisense
ENSG00000116649.9,0.4252933969471126,0.010088439099843591,3.958852701835199e-10,0.5646181635571585,SRM,protein_coding
ENSG00000171824.13,0.4432330764577995,0.00830093168847196,5.121435690725117e-10,0.5484659913415849,EXOSC10,protein_coding
ENSG00000198793.12,0.29716401075227816,0,5.852854792944219e-10,0.7028359886624364,MTOR,protein_coding
ENSG00000120942.13,0.2778413763872265,0,3.66142526587523e-10,0.7221586232466309,UBIAD1,protein_coding
ENSG00000116661.10,0.43050027388867146,0,3.1172498944421206e-10,0.5694997257996035,FBXO2,protein_coding
ENSG00000132879.13,0.1994306153484082,0.0018788382354244686,4.3715729723261265e-10,0.7986905459790101,FBXO44,protein_coding
ENSG00000116663.10,0.37141196731973025,0.001533335931293286,1.0933621828645594e-9,0.6270546956556143,FBXO6,protein_coding
ENSG00000116670.14,0.34922261038267555,0,1.0102009915031013e-10,0.6507773895163043,MAD2L2,protein_coding
ENSG00000162490.6,0.19730310499417417,0.1647326024470347,2.3690341704162355e-10,0.6379642923218878,DRAXIN,protein_coding
ENSG00000177674.15,0.6145431653637318,0.06337518138044548,0,0.3220816532558228,AGTRAP,protein_coding
ENSG00000177000.12,0.49712844072516055,0.007585390954848718,4.820985570328249e-10,0.4952861678378922,MTHFR,protein_coding
ENSG00000011021.22,0.17741954673388946,0,7.198696906388908e-10,0.8225804525462408,CLCN6,protein_coding
ENSG00000285646.1,7.479278285691958e-4,0.11400645106772404,1.0305637916722597e-9,0.885245620073143,AL021155.2,lincRNA
ENSG00000116685.15,0.6326385149754518,0.05575310455293808,2.5484021420684623e-10,0.3116083802167699,KIAA2013,protein_coding
ENSG00000083444.16,0.4220971168356843,0.14595436410283638,1.5393667381619258e-10,0.43194851890754266,PLOD1,protein_coding
ENSG00000116688.16,0.39954733147817323,4.3531262931008786e-4,3.4852536933421513e-10,0.6000173555439914,MFN2,protein_coding
ENSG00000116691.10,0.45355886710792237,0.021761152790659273,8.055227924992096e-10,0.5246799792958955,MIIP,protein_coding
ENSG00000120949.14,0.239421120022888,0.16651671489356576,5.302481069812386e-10,0.5940621645532982,TNFRSF8,protein_coding
ENSG00000028137.18,0.2894139768443749,0.10345501330959102,1.1617920660433055e-9,0.6071310086842421,TNFRSF1B,protein_coding
ENSG00000048707.15,0.3927645442024802,0.04567179995965458,4.663684396405467e-10,0.5615636553714968,VPS13D,protein_coding
ENSG00000229484.1,0,0,5.882530151335111e-10,0.999999999411747,AC243836.1,lincRNA
ENSG00000162496.8,0.30572912426606624,0,4.512583812205551e-10,0.6942708752826754,DHRS3,protein_coding
ENSG00000179172.9,0.5010480099439968,0,3.825620566983919e-10,0.498951989673441,HNRNPCL1,protein_coding
ENSG00000116731.22,0.24645008747270997,0.09007710360718504,2.7249730331857547e-10,0.6634728086476077,PRDM2,protein_coding
ENSG00000189337.16,0.12163092361938443,0.2749400864033129,4.491026003501863e-11,0.6034289899323924,KAZN,protein_coding
ENSG00000175147.12,0.007885437836424236,0.07304506907992922,5.742066679675328e-10,0.9190694925094398,TMEM51-AS1,antisense
ENSG00000142621.19,0.3238362598969101,0.2137255909353363,3.744901261117797e-10,0.46243814879326356,FHAD1,protein_coding
ENSG00000233485.1,8.051342470962925e-5,0.0031864789304955946,8.369976172045211e-10,0.9967330068077972,AL031283.2,antisense
ENSG00000228140.1,0.18499615332295016,0,6.635150198578913e-10,0.8150038460135348,AL031283.1,lincRNA
ENSG00000142634.12,0.5812631179707369,0.1362896557421051,1.771885478533458e-10,0.28244722610996953,EFHD2,protein_coding
ENSG00000162438.11,4.67986572797506e-4,0.036477598879778625,4.923754679556558e-10,0.9630544140550484,CTRC,protein_coding
ENSG00000132906.17,0.24600400357843816,0.181061212918738,3.866700332613333e-12,0.5729347834989572,CASP9,protein_coding
ENSG00000116138.12,0.22415992034608423,5.941887396843456e-4,3.5360253985272705e-10,0.7752458905606288,DNAJC16,protein_coding
ENSG00000251866.1,0.16259955596925346,0,6.183192869884807e-10,0.8374004434124274,SCARNA21B,scaRNA
ENSG00000116771.5,0.3591367297898506,0,1.7972040898534494e-9,0.6408632684129454,AGMAT,protein_coding
ENSG00000235084.3,0.06562814720716087,0.019980492717750365,0,0.9143913600750888,CHCHD2P6,processed_pseudogene
ENSG00000197312.11,0.4875851934518582,0.08151236827458473,1.7038784526402492e-10,0.43090243810316925,DDI2,protein_coding
ENSG00000116786.12,0.5231254852434337,0.019422914971520575,2.9747526499457725e-10,0.4574515994875704,PLEKHM2,protein_coding
ENSG00000162461.7,0.012144465425925354,0,5.642768045256567e-10,0.9878555340097979,SLC25A34,protein_coding
ENSG00000162458.12,0.33499413654677646,0.06991067956628975,5.196544050304827e-10,0.5950951833672794,FBLIM1,protein_coding
ENSG00000233954.6,0.31054860585420196,0,0,0.689451394145798,UQCRHL,protein_coding
ENSG00000178715.8,0.4224284436555086,0.06987844411845726,3.4211472326951565e-10,0.5076931118839195,AL450998.1,processed_pseudogene
ENSG00000179743.4,0.1612047228378356,0.002465446123854585,5.311006845951489e-10,0.8363298305072092,FLJ37453,antisense
ENSG00000065526.10,0.4293115975663121,0.3327264718186889,3.3443574861344835e-10,0.23796193028056326,SPEN,protein_coding
ENSG00000116809.11,0.5061335689746558,0.04222030014519612,2.6422480558530876e-10,0.45164613061592324,ZBTB17,protein_coding
ENSG00000186510.11,0.2718256921741917,0.08758920648579771,4.4214322106814754e-10,0.6405851008978674,CLCNKA,protein_coding
ENSG00000184908.17,0.22791742090542375,0.04761004611825159,4.521410940432267e-10,0.7244725325241835,CLCNKB,protein_coding
ENSG00000142632.16,0.4153604118861662,0.04666945681111555,3.1574765266085644e-10,0.5379701309869707,ARHGEF19,protein_coding
ENSG00000132881.11,0.04481769009314544,0.07107807889108042,3.018940953989419e-10,0.88410423071388,CPLANE2,protein_coding
ENSG00000037637.10,0.27813454386448255,0.05317320470310549,3.7651915453682716e-10,0.6686922510558928,FBXO42,protein_coding
ENSG00000055070.16,0.5204192888605625,0.005981810173274897,6.794113117006828e-10,0.47359890028675133,SZRD1,protein_coding
ENSG00000187144.11,0.20162389087889826,0.03627967136500954,5.613616659074258e-10,0.7620964371947304,SPATA21,protein_coding
ENSG00000157191.19,0.5951259496565174,0,2.7274817622936643e-10,0.40487405007073424,NECAP2,protein_coding
ENSG00000226029.1,0.48215603541249397,0.004486872500043672,2.85609200039224e-10,0.5133570918018533,LINC01772,lincRNA
ENSG00000080947.14,0.3931194365587226,0,6.0213113850069e-10,0.6068805628391464,CROCCP3,transcribed_unprocessed_pseudogene
ENSG00000219481.10,0.12394681050857131,0,6.149573807466864e-10,0.8760531888764712,NBPF1,protein_coding
ENSG00000215908.10,0.5646243356496145,9.575992253637205e-4,3.7954644352924023e-10,0.4344180647454755,CROCCP2,transcribed_unprocessed_pseudogene
ENSG00000186301.8,1.8781066411372246e-5,1.5159290242341595e-4,2.105598674416658e-10,0.9998296258206054,MST1P2,unprocessed_pseudogene
ENSG00000207513.1,0.1598848935086991,0,5.462683879586703e-10,0.8401151059450325,RNU1-3,snRNA
ENSG00000058453.16,0.5851362672074587,0.06392045405160293,5.427801111823175e-11,0.35094327868666036,CROCC,protein_coding
ENSG00000207389.1,0.6896752269074319,0,1.9294689989963364e-10,0.3103247728996212,RNU1-4,snRNA
ENSG00000186715.11,0.07556647263992186,0.06322487928159824,4.965107079365115e-10,0.8612086475819691,MST1L,transcribed_unprocessed_pseudogene
ENSG00000228549.3,0.09682594452777439,0,0,0.9031740554722255,BX284668.2,lincRNA
ENSG00000238142.1,0.32776462715763544,0.08443967065264892,0.007099517602405056,0.5806961845873105,BX284668.5,lincRNA
ENSG00000159363.17,0.5023017310159632,0,3.8178657018642997e-10,0.4976982686022501,ATP13A2,protein_coding
ENSG00000117118.9,0.4778034257541474,0.08408467837710332,2.968844428664984e-10,0.43811189557186486,SDHB,protein_coding
ENSG00000117115.12,0.19535838847608422,0.33717559162021565,6.61788132200408e-10,0.4674660192419121,PADI2,protein_coding
ENSG00000142623.10,0.062288167642787155,0.21135073697035836,5.101162178181481e-10,0.7263610948767382,PADI1,protein_coding
ENSG00000159339.13,0.3858678238901083,0.20364529540991919,0,0.41048688069997247,PADI4,protein_coding
ENSG00000276747.1,0.005115796879098867,0.017983796740710458,5.444156831028296e-10,0.976900405835775,PADI6,protein_coding
ENSG00000179051.13,0.4122335006197051,0,7.529576249803339e-10,0.5877664986273373,RCC2,protein_coding
ENSG00000074964.16,0.3658794835214783,0,5.658933986296934e-10,0.6341205159126283,ARHGEF10L,protein_coding
ENSG00000117154.11,0.321961689718353,0.03929466296372983,3.389804206088723e-10,0.6387436469789368,IGSF21,protein_coding
ENSG00000280222.1,0.08696194894863185,0.050424225063950785,1.7751289658555205e-9,0.8626138242122884,AL365209.1,TEC
ENSG00000159423.16,0,0,6.210385770949009e-10,0.9999999993789614,ALDH4A1,protein_coding
ENSG00000169991.10,0.6130593096242238,0.0030967464011109167,1.2390817504240247e-9,0.3838439427355836,IFFO2,protein_coding
ENSG00000272084.1,0.047982167779539564,0,0,0.9520178322204603,AL137127.1,3prime_overlapping_ncRNA
ENSG00000127481.14,0.331046645475656,0.07762652060360588,5.456597167784315e-10,0.5913268333750784,UBR4,protein_coding
ENSG00000230424.1,0.2474817678401603,0,9.45202304559786e-10,0.7525182312146373,AL035413.1,antisense
ENSG00000127463.14,0.4111702144282055,0,7.422454442029085e-10,0.5888297848295491,EMC1,protein_coding
ENSG00000053372.4,0.3899502688756459,0.021811043431612012,1.27127429701755e-10,0.5882386875656147,MRTO4,protein_coding
ENSG00000211454.13,0.0021773795269656006,0.01804439961786625,6.549123399675751e-10,0.9797782202002558,AKR7L,polymorphic_pseudogene
ENSG00000053371.12,0.34232120826192525,0,1.8479640247012407e-10,0.6576787915532784,AKR7A2,protein_coding
ENSG00000040487.12,0.4205786745620313,0.04967376401590941,2.890226102434227e-11,0.529747561393157,PQLC2,protein_coding
ENSG00000077549.17,0.6070443291429454,0.03312842915129749,1.7369315725220926e-10,0.35982724153206397,CAPZB,protein_coding
ENSG00000173436.14,0.4052458037609207,0,1.3473547375663372e-10,0.5947541961043438,MINOS1,protein_coding
ENSG00000158747.14,0.252932324575433,0.12495445886806403,1.9915656176439914e-9,0.6221132145649374,NBL1,protein_coding
ENSG00000226396.1,0.08594840601189661,0,2.005505733037854e-9,0.9140515919825977,AL031727.1,processed_pseudogene
ENSG00000158748.3,0.11849579367978899,0.10882047960613836,8.110587356919857e-10,0.7726837259030139,HTR6,protein_coding
ENSG00000162542.13,0.4540847384269372,0,2.4595202296488024e-10,0.5459152613271108,TMCO4,protein_coding
ENSG00000169914.5,0.09308262680207877,0,2.162294723659887e-9,0.9069173710356264,OTUD3,protein_coding
ENSG00000127472.10,0,0,7.54896747024635e-10,0.9999999992451033,PLA2G5,protein_coding
ENSG00000158786.4,0.1738038045428398,0.04471916709322975,4.3421229929754597e-10,0.7814770279297182,PLA2G2F,protein_coding
ENSG00000187980.6,0.19154939314596447,0,4.682285903212595e-10,0.8084506063858069,PLA2G2C,protein_coding
ENSG00000162543.5,0.058507229403551825,0,0,0.9414927705964482,UBXN10,protein_coding
ENSG00000236963.6,4.985383545571602e-4,0.020608487557325243,5.26210885102967e-10,0.9788929735619067,LINC01141,lincRNA
ENSG00000162545.5,0.03476214741513352,0.02459510740024395,0,0.9406427451846225,CAMK2N1,protein_coding
ENSG00000090432.6,0.21424056550552315,0.08437975702814406,4.858286452254694e-10,0.7013796769805041,MUL1,protein_coding
ENSG00000158825.5,0.1856317197435783,0.2974340169368363,3.2697031176830845e-10,0.5169342629926151,CDA,protein_coding
ENSG00000158828.7,0.46688765954276573,0.005430311195605707,2.1373410249884272e-10,0.5276820290478944,PINK1,protein_coding
ENSG00000117242.7,0.20175597577733825,0.03725179626005079,5.160410291960782e-10,0.7609922274465698,PINK1-AS,antisense
ENSG00000244038.9,0.1845283439554734,0,4.152725931542188e-10,0.8154716556292539,DDOST,protein_coding
ENSG00000127483.17,0.2344511496096808,0,3.817102484077912e-10,0.7655488500086091,HP1BP3,protein_coding
ENSG00000075151.20,0.2769325662887182,0.0628759455223965,4.107564286180076e-10,0.660191487778129,EIF4G3,protein_coding
ENSG00000236073.2,0.05814733876701309,0,0,0.9418526612329869,AL627311.1,processed_pseudogene
ENSG00000117298.15,0.508430006937315,0.15176992692905333,0,0.3398000661336317,ECE1,protein_coding
ENSG00000231105.1,0.3285759446604558,0,5.139585311833946e-10,0.6714240548255856,AL031728.1,antisense
ENSG00000227001.3,0.20724101451999158,0,4.5311730826184925e-10,0.7927589850268912,NBPF2P,unprocessed_pseudogene
ENSG00000142794.18,0.06562743054236286,0.20942695527145266,4.1147917304557855e-10,0.7249456137747052,NBPF3,protein_coding
ENSG00000162551.13,0.2803440851585685,0.35901146988973814,5.801919714863392e-10,0.36064444437150134,ALPL,protein_coding
ENSG00000233431.1,0.1068020059735476,0.0829304944419067,0,0.8102674995845457,LINC02596,antisense
ENSG00000076864.19,0.04022153259382477,0.7476642790371424,1.547600183947932e-10,0.21211418821427283,RAP1GAP,protein_coding
ENSG00000090686.15,0.4936358736835676,0.10150335225602274,3.5547548224639334e-10,0.4048607737049343,USP48,protein_coding
ENSG00000218510.8,0.502284949688925,0,1.0596933466306304e-10,0.49771505020510576,LINC00339,processed_transcript
ENSG00000285721.1,0.11281077635212941,0.24139113546227256,9.624801364352408e-11,0.6457980880893501,AL031281.2,protein_coding
ENSG00000285752.1,0.06895489510299975,0.013254610142939735,1.908265821817659e-9,0.9177904928457946,AL031281.3,lincRNA
ENSG00000070831.15,0.32682296085444945,0.012155885971369011,5.248812360765085e-10,0.6610211526493003,CDC42,protein_coding
ENSG00000230068.2,0.06161308390617624,0.02242762722658481,5.626275951355836e-10,0.9159592883046113,CDC42-IT1,sense_intronic
ENSG00000184677.17,0.35611358559026896,0.0018373051432341212,2.2365033979095828e-9,0.6420491070299935,ZBTB40,protein_coding
ENSG00000237200.1,9.036598170912518e-6,0,5.424736862915361e-10,0.9999909628593555,ZBTB40-IT1,sense_intronic
ENSG00000173372.16,0.2728685951965388,0.007068042609744704,5.830434556383403e-10,0.7200633616106731,C1QA,protein_coding
ENSG00000133216.16,0.17448397240587954,0.04257030670456299,4.3381264148185555e-10,0.7829457204557448,EPHB2,protein_coding
ENSG00000004487.16,0.2754895299905655,0.03176226482835308,2.0184916553380292e-10,0.6927482049792324,KDM1A,protein_coding
ENSG00000169641.13,0.4483625186967943,0,4.2149508081771073e-10,0.5516374808817106,LUZP1,protein_coding
ENSG00000261326.3,0.1767980581923364,0,5.780345145476502e-10,0.8232019412296291,LINC01355,lincRNA
ENSG00000125944.19,0.4249441011438577,0.0016471923324603217,0,0.573408706523682,HNRNPR,protein_coding
ENSG00000125945.14,0.2692101208039185,0,6.287359785102464e-10,0.7307898785673456,ZNF436,protein_coding
ENSG00000249087.6,0.11961293078947116,0.003438057103539032,4.6034242916916594e-10,0.8769490116466474,ZNF436-AS1,antisense
ENSG00000204219.10,0.260194371845573,0,2.355673572128915e-10,0.7398056279188597,TCEA3,protein_coding
ENSG00000088280.18,0.0014097454488466174,0.09471497980463293,5.377367114011395e-10,0.9038752742087837,ASAP3,protein_coding
ENSG00000007968.6,0.37225932352603924,0.14773562365199072,3.284786781738355e-10,0.4800050524934913,E2F2,protein_coding
ENSG00000117318.8,0.262618637638842,0.010395561061423803,4.503899218533593e-10,0.7269858008493443,ID3,protein_coding
ENSG00000197880.8,0,0,5.733759260024794e-10,0.9999999994266241,MDS2,lincRNA
ENSG00000142676.14,0.6582714331639876,0.18710926366639521,3.033253972844564e-13,0.15461930316931388,RPL11,protein_coding
ENSG00000011007.12,0.17906351172546164,0.031405434877879654,3.465885238418859e-10,0.7895310530500702,ELOA,protein_coding
ENSG00000236810.5,0.033505398813854705,0.007823527738519067,0,0.9586710734476261,ELOA-AS1,antisense
ENSG00000057757.9,0.5029810492463429,0.2852107255318296,9.970340896288499e-11,0.21180822512212405,PITHD1,protein_coding
ENSG00000011009.10,0.3740097218440143,0.07937629149400847,1.0337195714043547e-9,0.5466139856282576,LYPLA2,protein_coding
ENSG00000117308.14,0.021794526423723485,0,6.421914054951364e-10,0.9782054729340851,GALE,protein_coding
ENSG00000117305.14,0.2575289701428572,0.018207167732052762,5.871571847051451e-10,0.7242638615379329,HMGCL,protein_coding
ENSG00000179163.11,0.41152999889348235,0,1.3724565785680726e-10,0.588470000969272,FUCA1,protein_coding
ENSG00000188822.7,0.3068254594859056,0.012152697636767762,2.270149883190332e-10,0.6810218426503116,CNR2,protein_coding
ENSG00000229106.1,0.24989852131584858,0.031531559551727796,3.902302309242384e-10,0.7185699187421934,BTBD6P1,processed_pseudogene
ENSG00000189266.12,0.33921428702994355,7.997304435624424e-4,0,0.6599859825264941,PNRC2,protein_coding
ENSG00000188529.14,0.6053660555372852,0.0253699520984004,1.473831493367221e-10,0.36926399221693124,SRSF10,protein_coding
ENSG00000185436.11,0,0,7.13344031765892e-10,0.999999999286656,IFNLR1,protein_coding
ENSG00000158055.15,0.04897206429061234,0.014728579261613113,2.211161533751997e-9,0.936299354236613,GRHL3,protein_coding
ENSG00000001460.17,0.03765407971285845,0,2.0106246251898574e-9,0.9623459182765169,STPG1,protein_coding
ENSG00000001461.16,0.1528495644950078,0.00935478832497578,6.105421529955832e-10,0.8377956465694743,NIPAL3,protein_coding
ENSG00000117602.11,0.28396227912845984,0.05336197129800658,4.656442332804987e-10,0.6626757491078894,RCAN3,protein_coding
ENSG00000133226.16,0.471905238880892,0,3.433184430581323e-10,0.5280947607757897,SRRM1,protein_coding
ENSG00000169504.14,0.31215185008314433,0.047135356040419116,3.6807037258008386e-10,0.6407127935083662,CLIC4,protein_coding
ENSG00000020633.18,0.33634957483076383,0.06359689872414954,6.811588050293726e-10,0.6000535257639278,RUNX3,protein_coding
ENSG00000278034.1,0.2686866449472111,0,5.503019301058802e-10,0.731313354502487,MIR6731,miRNA
ENSG00000117614.9,0.30620425497600756,0,1.0015496189911237e-9,0.6937957440224428,SYF2,protein_coding
ENSG00000284657.1,0,0,5.535076811395509e-10,0.9999999994464922,AL031432.5,lincRNA
ENSG00000117616.17,0.4525434552095857,0.04299620157756561,1.769810802390594e-10,0.5044603430358676,RSRP1,protein_coding
ENSG00000261349.1,0.35089475016413146,0.11629074473344386,4.394111646491922e-10,0.5328145046630134,AL031432.2,unprocessed_pseudogene
ENSG00000187010.20,0.02817865828816232,0.08217142093780384,5.264526152572216e-10,0.8896499202475813,RHD,protein_coding
ENSG00000224183.1,0,0,5.65847499763324e-10,0.9999999994341525,SDHDP6,processed_pseudogene
ENSG00000259984.1,0.037919438221224795,0.019316427669759873,1.7008622825945462e-9,0.9427641324081532,AL928711.1,unprocessed_pseudogene
ENSG00000183726.10,0.447628181030759,0.006335902670826296,1.4237518346228247e-10,0.5460359161560394,TMEM50A,protein_coding
ENSG00000188672.18,0.09450138932542534,0.06943251487887592,5.435634460517714e-10,0.8360660952521353,RHCE,protein_coding
ENSG00000204178.10,0.25398100805041435,0.00614149737420302,3.843073593694684e-10,0.7398774941910753,MACO1,protein_coding
ENSG00000157978.11,0.4902900289073159,0,4.986250273707563e-10,0.5097099705940592,LDLRAP1,protein_coding
ENSG00000225643.1,0.3048842294917708,0,4.519848260627899e-10,0.6951157700562445,AL606491.1,lincRNA
ENSG00000117643.14,0.4214917753357385,0,3.7763966031262137e-10,0.578508224286622,MAN1C1,protein_coding
ENSG00000162430.16,0.17112017787300043,0,3.720062470078768e-10,0.8288798217549934,SELENON,protein_coding
ENSG00000228172.5,0,0,7.286643227901874e-10,0.9999999992713356,AL020996.1,antisense
ENSG00000117640.17,0.20549073010034385,0,5.829566871997784e-10,0.7945092693166995,MTFR1L,protein_coding
ENSG00000236528.1,0.13885905607534085,0,5.096107316981651e-10,0.8611409434150484,AL033528.2,antisense
ENSG00000182749.5,0.17660964972410284,0.015174443176808378,5.215982968243921e-10,0.8082159065774904,PAQR7,protein_coding
ENSG00000117632.22,0.31924922583285675,0,4.4263954295170313e-10,0.6807507737245037,STMN1,protein_coding
ENSG00000158006.13,0.10619604034663305,0,0,0.8938039596533669,PAFAH2,protein_coding
ENSG00000175087.9,0.23004976114105394,0.006085520216942298,1.3144782423931783e-9,0.7638647173275255,PDIK1L,protein_coding
ENSG00000142675.17,0.07111866715126762,0.05222576981066937,5.686314825538207e-10,0.8766555624694314,CNKSR1,protein_coding
ENSG00000130695.15,0.0028393455412041835,0.028463106450741075,4.854387328792982e-10,0.968697547522616,CEP85,protein_coding
ENSG00000158062.20,0.4904658872202097,0.014814298069535938,1.4666128758353918e-10,0.49471981456359315,UBXN11,protein_coding
ENSG00000169442.8,0.6670846145785618,0.13632508725929568,1.973111126807031e-10,0.19659029796483143,CD52,protein_coding
ENSG00000176092.15,0.13815306807965602,0.12107702195661953,9.060150191511588e-10,0.7407699090577095,CRYBG2,protein_coding
ENSG00000176083.17,0.11252274254385909,0.24332051324291065,3.9264635313442273e-10,0.6441567438205839,ZNF683,protein_coding
ENSG00000117682.16,0.33822379264432756,0,4.582687746501086e-10,0.6617762068974036,DHDDS,protein_coding
ENSG00000223583.1,0.12260065454098099,0.014703262193634015,4.703714333108659e-10,0.8626960827950135,AL513365.1,processed_pseudogene
ENSG00000225891.1,0.1606486772470381,0.014240515107855718,4.5173848185733867e-10,0.8251108071933677,AL513365.2,antisense
ENSG00000198830.10,0.715763255455879,0,1.8389411711893228e-10,0.28423674436022683,HMGN2,protein_coding
ENSG00000117676.13,0.43931495247068275,0.20143166543807547,8.834211070252677e-11,0.3592533820028996,RPS6KA1,protein_coding
ENSG00000260063.1,0.3384861548387534,0,4.301363399902114e-10,0.6615138447311103,AL512408.1,antisense
ENSG00000117713.19,0.04627172884917055,0.0731785590433295,6.859323441184528e-10,0.8805497114215676,ARID1A,protein_coding
ENSG00000060642.10,0,0,6.923024832279377e-10,0.9999999993076975,PIGV,protein_coding
ENSG00000204160.11,0.281775234836357,0.17817679065534073,8.97665011615513e-9,0.5400479655316521,ZDHHC18,protein_coding
ENSG00000175793.11,0.058507230400714615,0,0,0.9414927695992853,SFN,protein_coding
ENSG00000142751.14,0.3964130228553142,0,4.2384765702290807e-10,0.6035869767208382,GPN2,protein_coding
ENSG00000198746.12,0.49978514869712065,0,4.460013494340027e-10,0.5002148508568781,GPATCH3,protein_coding
ENSG00000090273.13,0.27472987001361543,0.003887370135916375,3.7354943021300093e-10,0.7213827594769188,NUDC,protein_coding
ENSG00000175707.8,0.29901381122265475,0,4.698077377033677e-10,0.7009861883075377,KDF1,protein_coding
ENSG00000253368.3,0.24370296156698057,0.08536518487112214,6.763318410975748e-10,0.6709318528855653,TRNP1,protein_coding
ENSG00000090020.10,0.26908672157291375,0.05976517454549353,5.40568369478881e-10,0.6711481033410244,SLC9A1,protein_coding
ENSG00000142784.15,0.2536786712510182,0.022171624679356967,5.070039970743014e-10,0.7241497035626209,WDTC1,protein_coding
